10	0
11	0
12	0
13	1
14	0
15	0
16	1
17	0
18	1
19	1
20	0
21	1
22	1
23	1
24	1
25	1
26	2
27	1
28	2
29	2
30	2
31	2
32	2
33	3
34	2
35	3
36	4
37	3
38	4
39	3
40	5
41	4
42	5
43	5
44	5
45	6
46	6
47	6
48	7
49	7
50	8
51	8
52	8
53	9
54	10
55	10
56	10
57	11
58	11
59	12
60	13
61	13
62	15
63	16
64	15
65	15
66	17
67	17
68	17
69	19
70	19
71	20
72	21
73	21
74	23
75	24
76	24
77	25
78	52
79	54
80	58
81	58
82	62
83	34
84	32
85	32
86	34
87	35
88	36
89	46
90	38
91	65
92	41
93	42
94	44
95	46
96	47
97	47
98	48
99	51
100	51
101	54
102	54
103	55
104	58
105	59
106	62
107	62
108	64
109	65
110	68
111	69
112	72
113	73
114	81
115	77
116	79
117	81
118	83
119	89
120	88
121	91
122	91
123	94
124	96
125	98
126	102
127	103
128	104
129	107
130	121
131	114
132	115
133	118
134	120
135	136
136	259
137	266
138	252
139	133
140	135
141	138
142	141
143	147
144	149
145	152
146	155
147	157
148	159
149	165
150	165
151	167
152	173
153	178
154	177
155	180
156	184
157	188
158	194
159	200
160	204
161	210
162	209
163	210
164	214
165	217
166	222
167	228
168	233
169	238
170	242
171	246
172	258
173	266
174	259
175	262
176	270
177	273
178	276
179	281
180	290
181	292
182	323
183	295
184	299
185	303
186	307
187	315
188	318
189	324
190	327
191	336
192	345
193	659
194	352
195	358
196	361
197	365
198	381
199	380
200	381
