10	0
11	0
12	0
13	0
14	0
15	0
16	0
17	0
18	0
19	0
20	0
21	0
22	0
23	1
24	0
25	0
26	0
27	0
28	0
29	0
30	0
31	0
32	0
33	0
34	1
35	0
36	0
37	0
38	0
39	0
40	1
41	0
42	0
43	0
44	1
45	0
46	0
47	1
48	0
49	0
50	1
51	0
52	1
53	0
54	1
55	0
56	1
57	0
58	1
59	1
60	0
61	1
62	1
63	0
64	1
65	1
66	1
67	1
68	1
69	1
70	1
71	1
72	1
73	1
74	1
75	2
76	1
77	1
78	2
79	1
80	2
81	1
82	2
83	2
84	1
85	2
86	2
87	2
88	2
89	2
90	3
91	2
92	3
93	3
94	4
95	4
96	4
97	4
98	4
99	5
100	4
101	5
102	4
103	5
104	5
105	5
106	6
107	5
108	6
109	5
110	6
111	6
112	7
113	6
114	6
115	7
116	7
117	7
118	7
119	7
120	8
121	8
122	8
123	8
124	8
125	8
126	9
127	9
128	9
129	9
130	10
131	9
132	10
133	11
134	10
135	11
136	9
137	7
138	8
139	7
140	8
141	7
142	8
143	9
144	8
145	9
146	8
147	9
148	9
149	9
150	10
151	9
152	10
153	10
154	10
155	11
156	11
157	11
158	10
159	11
160	12
161	11
162	12
163	12
164	12
165	13
166	12
167	13
168	13
169	13
170	14
171	13
172	14
173	14
174	15
175	14
176	15
177	15
178	16
179	15
180	16
181	16
182	17
183	16
184	17
185	17
186	18
187	17
188	18
189	18
190	19
191	19
192	19
193	19
194	19
195	20
196	21
197	20
198	21
199	21
200	22
