0
0
0
0
0
0
0
0
0
1
0
0
0
1
0
0
1
0
1
0
1
1
1
1
1
1
1
1
1
2
1
2
1
2
2
2
2
2
3
2
3
3
2
3
4
3
3
4
4
4
4
4
5
4
5
5
5
6
5
6
6
6
6
7
7
7
7
8
8
8
8
8
9
9
9
10
10
10
10
11
10
12
11
12
12
13
12
13
14
13
14
15
15
15
15
16
16
16
17
19
17
18
18
19
19
19
20
20
21
21
22
22
31
41
42
31
25
25
25
25
27
29
27
28
28
29
38
53
32
32
33
33
33
34
35
35
36
36
37
38
56
43
40
40
41
41
42
45
44
44
44
46
46
47
47
48
64
83
50
51
67
53
55
54
55
55
57
58
59
59
59
61
62
64
63
65
65
67
67
68
69
69
71
72
72
75
87
99
76
75
76
78
78
80
80
81
83
83
84
85
86
88
88
89
90
92
92
93
95
96
96
97
98
101
101
102
102
105
106
106
125
127
129
131
132
134
135
136
138
138
140
142
143
144
145
146
126
127
129
130
131
133
134
136
138
140
164
166
167
169
170
173
173
176
177
182
160
155
155
157
157
159
161
161
164
166
143
168
169
171
173
143
175
177
178
181
181
183
185
187
188
190
163
173
174
187
182
188
204
206
209
228
278
274
382
383
269
270
278
259
247
226
224
228
228
230
231
234
299
427
320
240
240
252
264
266
270
254
255
256
259
259
263
263
267
266
267
270
272
272
277
277
280
282
283
286
288
290
290
293
295
298
341
225
227
233
296
299
240
232
238
280
313
273
263
264
267
277
321
325
315
293
298
307
330
331
375
444
446
475
461
451
434
436
430
376
380
380
383
375
380
393
450
451
456
455
461
462
460
465
465
468
469
428
344
343
345
347
349
351
353
355
357
361
362
364
367
369
370
412
448
429
381
383
385
389
392
489
458
453
399
403
409
409
412
414
417
419
422
425
427
430
432
435
438
438
439
443
444
447
454
506
457
458
463
465
466
470
501
546
539
520
500
484
587
600
717
648
601
603
609
609
610
610
619
587
566
527
529
540
568
540
541
543
547
550
552
554
558
563
565
566
567
569
591
579
610
607
583
587
591
593
599
602
603
604
608
610
613
617
